$ANSIBLE_VAULT;1.1;AES256
66656637363830333736323937313736396564376233303935656531636635643834353539666566
6564353164353965343439343937663363316263393337630a343565666230613966623438653061
32663864393665643163666435333664613836313265623038333866663334623036366435386234
3664663930323132630a616538376563336530373037373862653365646365313537643966396530
36663764316565383163666665613835393938356631653338326361343665623233643530316633
64376266646665366266663161386435386238356637353138656438356561396330376235626533
35353035306263303735636539353361623635373935313332323465303363376237613766353134
36393631633963323365353830376635303938306562333263636365343865376535373665303335
65363966663535346163373563333730383639656335356333363431393361356433653965346337
37653937373035616534396532393934633661623238323465653130626539666364623833386132
37313165336234303261653061396439396136306465393334656464643363646566656461396331
33653333313035333833396134393239353366656566643362663437383664653463623666643038
35363130666664656236323538663438376461663262363230313334643163666163353737326562
65366636386361653935353139626266326263633763326332653931303531353266626265363431
31353562356630653735303436333239396233363831666337636163396232303138386462376338
66326431303466316130623739306134653830356463313336356132396130366134333163643832
32333364613931633062376166303638303733643464343536353061336337333863343930306335
64656139653933396666343734303461373433373762323334336439366232353664633431646337
35303135653066356239363536613538316237346639613831366439666633353735396433663135
64353434303031326635336136626632303734666664666136383931356265356235663331623730
64616665316130346330386461626134356662343063613866306539346137346166303939303939
31626632633961333262356363663266643439383062643032326165303239336565376436643064
62653638343566366536383930336236363739373265646432636433383365313664316664616662
64323233653334336262623338373133353964356336363666323461653836383837383061306332
65626463316464373666633538353932366233626663643365303530343033376138333537656337
33356662303538616432623438633438343530396663393838336631396664373464393533373361
33303263336162666435663736383061636436626439376261363331666330666632353930326263
33356264353562613730356464613136393533633063616435366239356536303234376535353463
63313838643063646435346630613765633030333264306238313432333538343234633633666436
35323466613934393137396133383865653661633963373633643835363164343464353865663838
30363734383533653561373562646139386330323536613064623235396334633438316565306136
33333530643162663363316230366133313966643037626464383530633764386465306337323231
65653263316436363661613932663463323965373138373261393235356538313963336137353333
33653431313434633735323432623966386531663163363661313931333163303838656435373363
65333838386362666135373432643962326262353735626462333561353563336237303636346531
33373735333534346439383464633435363833313865336335323233383262386232343230656238
38653763353932666239326137626633353063336430633930636331363564393261633136383866
30333063386365313239626564303634373237316135356531636535376233646566373439396436
39656337376230333537393531396636373339306639336535613966656539376332386264363963
33656532393432313635643162306135613138323261623862303133373634333334343332623465
36353634336664393135386362376563303038643233313266323530643464636130316132613833
61323638366164663534376136383130373764653362633763376334633538373562313137346139
66393466383062636562653832346538626636373030393164613732646664326433636632376666
37643738623464313862
