$ANSIBLE_VAULT;1.1;AES256
32383762343863343366346363383662653836363138636437613336393136613037633936326130
6139323566653130623561333966383030316566333961630a316138343633643336303961626637
39626231653736643834653338386562613931336631303337316639343935663036396162343331
3430313632313964340a626634333465636264303932393735303666373330353262643062376534
31323437613763663830656361303133646130663965363362393339313839636665373535393030
39643861663538616566333762306534383834656232306235643338373163353832626662633836
63306332386234653166616366373839363630633961303138313438626366326135383236383337
33373733373766616138306331336439653738313832313862323664646561663566616265666236
35316537333232313835373861393435383837363530396638633031323732373061333736653566
30376363623166376236663365303665393032626133323039373462366336336338313266383863
31376162306636316136336139646263393038346131393465656333393035396563373039653238
37363737646534316338363932373335326362636662343865326434323962643431373638666466
64303837643939393461313764326562656537643030383761666462383632643764313230613834
34636164393564373964313037396135396234376566663962663437303638653539316165313133
35346139666634313162303264663665643136366666346131383335363862336365326637643364
66333036616436303661653730393963303537626338386666326162303234353531633936346362
61356235643564613838363866363631623463663564346537383030316565623539633663666139
30653332353935326431656235646264356162353731633333353061383134316162636530366563
36316363313461366661313730353635303837383434373365663739326533666335636464353137
34613736326562356466666431326137376165326632386339373839326539353838353866626366
65383162323939363836616539656437343761376336383562303136386239373766656630386233
37343061306430313238643032666231383765623439386361343733373631393138343831353731
62363238386437653966316339646634393931333631636536303137393030643439393435303932
36346539636137376531636263643565653237363937663534643431396133656264303565346639
61303931626563663138616363346339396436333664323230336661363838653736376433653830
63633263393961613130663366633536353666383331383438646566356438393936356533623338
32356264643732666565383864336662366439383762656330663964663963383138333030636535
33313435663934373631383461663663333235376563346563633361353238633565663831623566
35393636363566333532356230653364643339636366336231633430356435643033656331383533
38336263373234633436653131363634656662623539373732646661333338396361613632376632
32373064623362613432653166346366623637393765333439363537643439386637326231376234
33313362383538383238343436623039333538356434306132343234616231353436666166656433
37366636316530373339396635306464643265643332653939653464336665633863626661613738
3730346431616533386137303162373235343366623236303736
